Shot Attempts

Game #1
(-1.83, 5.88), (-9.84, 18.25), (-21.89, 8.45), (16.44, 23.43), (20.09, 18.76), (-2.30, 4.12), (21.00, 2.77), (19.49, 20.86), (-3.41, 38.79), (-21.85, 7.26), (-12.77, 16.49), (20.41, 17.57), (18.45, 9.88), (11.81, 18.87), (18.02, 8.15), (20.33, 0.97), (1.23, 21.25), (-11.85, 22.23), (6.56, 70.06), (-12.73, 3.81), (19.90, 12.63), (23.49, 60.05), (38.54, 37.55), (4.50, 81.30)

Game 1 Stats:
Total Attempts: 24
Average Distance from Basket: 35.63 ft
Max Distance from Basket: 50.32 ft
Min Distance from Basket: 8.89 ft

Game #2
(24.97, 11.28), (23.41, 42.90), (-10.97, 16.33), (27.70, 84.36), (15.23, 8.96), (29.15, 72.37), (-15.15, 10.12), (-23.75, 13.60), (29.26, 63.65), (3.47, 21.51), (7.38, 2.13), (-3.93, 17.74), (8.94, 21.64), (-15.65, 16.97), (8.49, 17.94), (5.13, 5.71), (25.85, 68.70), (16.88, 0.16), (-1.54, 10.30), (19.97, 34.58)

Game 2 Stats:
Total Attempts: 20
Average Distance from Basket: 35.89 ft
Max Distance from Basket: 49.79 ft
Min Distance from Basket: 23.52 ft

Game #3
(1.23, 14.56), (24.44, 34.96), (23.51, 8.63), (11.55, 17.52), (21.87, 88.45), (13.68, 20.95), (-16.71, 3.54), (-23.49, 7.67), (-9.18, 17.97), (26.59, 40.64), (-7.88, 1.98), (-23.33, 20.10), (43.12, 61.43), (-21.39, 16.94), (19.16, 62.84), (15.73, 10.15), (22.32, 55.28), (2.87, 18.23), (24.67, 48.69), (-17.20, 13.39), (26.86, 32.23), (-7.00, 18.98), (0.94, 4.11), (-4.93, 11.95), (0.01, 26.22), (17.31, 16.55), (33.67, 48.55), (-11.32, 15.91), (9.39, 90.76), (24.86, 19.93),
(11.11, 89.02), (22.34, 37.03), (26.88, 83.12), (-19.90, 8.45), (-1.70, 10.18), (3.70, 3.45), (4.98, 74.31)

Game 3 Stats:
Total Attempts: 37
Average Distance from Basket: 35.49 ft
Max Distance from Basket: 46.87 ft
Min Distance from Basket: 20.78 ft

Game #4
(-21.77, 8.04), (-7.56, 22.81), (-24.53, 7.00), (36.68, 48.95), (18.56, 10.68), (6.25, 5.86), (-8.43, 19.66), (-2.31, 5.49), (-12.77, 20.32), (10.21, 14.90), (-3.80, 12.20), (-5.23, 0.57), (10.05, 6.39), (-24.08, 1.18), (21.47, 64.68), (19.48, 5.97), (26.96, 28.83), (31.64, 39.48), (13.97, 22.49), (-24.69, 19.78)

Game 4 Stats:
Total Attempts: 20
Average Distance from Basket: 37.4 ft
Max Distance from Basket: 51.76 ft
Min Distance from Basket: 25.34 ft

Game #5
(1.16, 20.47), (17.26, 21.06), (26.48, 49.73), (7.25, 17.91), (30.82, 72.51), (11.68, 91.51), (-24.08, 4.58), (23.85, 20.51), (1.50, 11.38), (7.90, 18.22), (-7.77, 12.99), (26.66, 22.34), (7.00, 9.61), (-4.68, 19.86), (20.95, 0.25), (-24.94, 17.29), (21.49, 5.26), (-15.35, 20.72), (-21.45, 19.87), (33.02, 36.97), (-10.91, 5.11), (-9.67, 18.95), (19.69, 88.70), (-16.33, 7.02), (-14.81, 9.12), (20.14, 1.25), (-19.17, 15.67), (-22.65, 1.29), (40.27, 36.85), (0.66, 17.67),
(-7.37, 8.34), (2.40, 10.46), (-16.98, 6.49), (-13.82, 19.31), (23.01, 14.27), (-21.96, 3.28), (34.48, 29.92), (11.14, 25.04), (-9.77, 23.26)

Game 5 Stats:
Total Attempts: 39
Average Distance from Basket: 37.53 ft
Max Distance from Basket: 51.23 ft
Min Distance from Basket: 24.62 ft

